# Sun Jun 25 13:35:09 2023:Opening File
# Sun Jun 25 13:35:10 2023:
0 0 0 0 -0 0
0 0 0 0 -0 0
0 0 0 0 -0 0
0 0 0 0 -0 0
0 0 0 0 -0 0
0 0 0 0 -0 0
0 0 0 0 -0 0
0 0 0 0 -0 0
0 0 0 0 -0 0
0 0 0 0 -0 0
0 0 0 0 -0 0
0 0 0 0 -0 0
0 0 0 0 -0 0
0 0 0 0 -0 0
0 0 0 0 -0 0
0 0 0 0 -0 0
0 0 0 0 -0 0
0 0 0 0 -0 0
0 0 0 0 -0 0
0 0 0 0 -0 0
0 0 0 0 -0 0
0 0 0 0 -0 0
0 0 0 0 -0 0
0 0 0 0 -0 0
0 0 0 0 -0 0
0 0 0 0 -0 0
0 0 0 0 -0 0
0 0 0 0 -0 0
0 0 0 0 -0 0
0 0 0 0 -0 0
0 0 0 0 -0 0
0 0 0 0 -0 0
0 0 0 0 -0 0
0 0 0 0 -0 0
0 0 0 0 -0 0
0 0 0 0 -0 0
0 0 0 0 -0 0
0 0 0 0 -0 0
0 0 0 0 -0 0
0 0 0 0 -0 0
0 0 0 0 -0 0
0 0 0 0 -0 0
0 0 0 0 -0 0
0 0 0 0 -0 0
0 0 0 0 -0 0
0 0 0 0 -0 0
0 0 0 0 -0 0
0 0 0 0 -0 0
0 0 0 0 -0 0
0 0 0 0 -0 0
0 0 0 0 -0 0
0 0 0 0 -0 0
0 0 0 0 -0 0
0 0 0 0 -0 0
0 0 0 0 -0 0
0 0 0 0 -0 0
-0.325534 1.00923 -0.671884 -151.275 -193.454 -56.3549
-0.335732 0.998992 -0.660229 -147.874 -185.15 -42.3732
-0.344306 0.989441 -0.650745 -147.131 -175.784 -28.843
-0.353616 0.980895 -0.64055 -148.664 -166.327 -15.1583
-0.363137 0.972576 -0.629934 -152.825 -157.175 -0.606977
-0.373049 0.963187 -0.620166 -159.641 -149.17 15.5629
-0.381638 0.952995 -0.611116 -170.349 -143.776 34.2194
-0.390139 0.945683 -0.604308 -183.543 -141.286 54.732
-0.400624 0.936844 -0.595177 -197.137 -143.059 75.5944
-0.408936 0.929316 -0.588529 -29.2605 -31.8973 -85.2749
-0.419966 0.92296 -0.580122 -38.0005 -23.1703 -69.1924
-0.430066 0.915789 -0.573329 -43.5836 -12.7489 -55.7887
-0.442568 0.910833 -0.564856 -46.4263 -1.04584 -43.7618
-0.452475 0.904856 -0.557623 -46.7262 11.081 -32.4857
-0.465917 0.901612 -0.549831 -44.3872 23.4291 -20.537
-0.476933 0.89466 -0.539766 -38.7753 34.9335 -6.70268
-0.488625 0.892127 -0.531919 -27.8339 44.76 10.9488
-0.499468 0.887677 -0.522342 -10.7659 50.9912 34.0322
-0.509911 0.884444 -0.513339 10.008 51.9226 60.7505
-0.520131 0.880873 -0.503225 29.0092 46.6563 85.3481
-0.529517 0.879058 -0.494026 -138.25 -217.373 -76.1699
-0.540089 0.878027 -0.484617 -130.53 -205.517 -62.3973
-0.548924 0.876732 -0.475893 -126.334 -192.386 -51.6582
-0.55895 0.875126 -0.465005 -125.258 -178.426 -42.349
-0.566517 0.872952 -0.456912 -126.215 -164.275 -33.2594
-0.576976 0.869998 -0.445829 -130.104 -150.399 -22.775
-0.584536 0.867856 -0.437588 -138.105 -137.395 -9.35958
-0.592371 0.866523 -0.42752 -152.634 -126.927 10.1669
-0.598739 0.862967 -0.420748 -177.527 -121.746 38.6976
-0.607552 0.861485 -0.414023 -204.486 -123.941 69.5358
-0.61633 0.860365 -0.406747 -43.6378 -47.291 -87.4166
-0.62432 0.85899 -0.400142 -54.7757 -34.6861 -72.3961
-0.632731 0.859787 -0.393791 -60.6828 -20.4604 -62.117
-0.641067 0.859743 -0.387905 -63.5199 -5.40598 -54.0859
-0.651498 0.863782 -0.383522 -64.2511 10.1971 -46.993
-0.65975 0.865502 -0.378463 -62.6416 25.5019 -39.3349
-0.668042 0.870738 -0.37452 -57.5767 40.5934 -29.8098
-0.677118 0.873873 -0.370663 -46.7569 54.2497 -14.9945
-0.685756 0.880623 -0.366837 -23.3716 64.6025 11.7587
-0.69537 0.885759 -0.363059 14.608 66.4673 53.0784
-0.702548 0.893197 -0.359916 43.251 57.7659 84.3102
-0.712088 0.900175 -0.356046 -123.286 -224.487 -78.8723
-0.719707 0.911164 -0.352713 -116.889 -209.58 -68.9908
-0.728438 0.920274 -0.350122 -114.174 -193.992 -62.213
-0.735012 0.929183 -0.348489 -113.5 -178.273 -56.4813
-0.742593 0.940198 -0.347439 -114.708 -162.775 -50.7249
-0.749145 0.95014 -0.346084 -118.093 -147.537 -43.9816
-0.756117 0.961776 -0.345879 -125.225 -133.084 -34.0775
-0.763856 0.973433 -0.343991 -140.61 -120.552 -16.4111
-0.771693 0.986333 -0.344172 -171.598 -113.19 16.6171
-0.779586 0.999138 -0.34601 -208.988 -115.783 55.9305
-0.785244 1.01386 -0.35239 -231.324 -126.344 80.3144
-0.793981 1.02862 -0.356331 -61.7105 -39.5833 -86.8042
-0.800835 1.04148 -0.359905 -66.8891 -24.5978 -78.7395
-0.808474 1.05702 -0.363458 -69.1465 -8.81874 -72.9581
-0.815277 1.0699 -0.367498 -69.6764 6.58194 -67.8316
-0.823694 1.08762 -0.370754 -68.1306 22.0491 -62.4304
-0.832697 1.09952 -0.373142 -64.3145 37.1332 -55.5892
-0.839868 1.1172 -0.377786 -56.6431 51.4035 -45.0881
-0.846617 1.13311 -0.3853 -38.8547 63.4662 -25.3666
-0.851886 1.14977 -0.392148 -2.88688 69.4566 12.7942
-0.859416 1.16268 -0.396665 34.1602 63.9057 52.3778
-0.864447 1.17882 -0.402477 52.3578 52.1737 73.1316
-0.871581 1.19256 -0.407678 60.6303 38.2171 84.3169
# Sun Jun 25 13:35:10 2023:Closing File
# Sun Jun 25 13:35:10 2023:
